  -3278.5000000000000        0.0000000000000000     
  -3199.5000000000000        0.0000000000000000     
  -3120.5000000000000        0.0000000000000000     
  -3041.5000000000000        0.0000000000000000     
  -2962.5000000000000        0.0000000000000000     
  -2883.5000000000000        0.0000000000000000     
  -2804.5000000000000        0.0000000000000000     
  -2725.5000000000000        0.0000000000000000     
  -2646.5000000000000        0.0000000000000000     
  -2567.5000000000000        0.0000000000000000     
  -2488.5000000000000        0.0000000000000000     
  -2409.5000000000000        0.0000000000000000     
  -2330.5000000000000        0.0000000000000000     
  -2251.5000000000000        0.0000000000000000     
  -2172.5000000000000        0.0000000000000000     
  -2093.5000000000000        0.0000000000000000     
  -2014.5000000000000        0.0000000000000000     
  -1935.5000000000000        0.0000000000000000     
  -1856.5000000000000        0.0000000000000000     
  -1777.5000000000000        0.0000000000000000     
  -1698.5000000000000        0.0000000000000000     
  -1619.5000000000000        0.0000000000000000     
  -1540.5000000000000        0.0000000000000000     
  -1461.5000000000000        0.0000000000000000     
  -1382.5000000000000        0.0000000000000000     
  -1303.5000000000000        0.0000000000000000     
  -1224.5000000000000        0.0000000000000000     
  -1145.5000000000000        0.0000000000000000     
  -1066.5000000000000        0.0000000000000000     
  -987.50000000000000        0.0000000000000000     
  -908.50000000000000        0.0000000000000000     
  -829.50000000000000        1.3559019309424007E-003
  -750.50000000000000        2.7118038618848014E-003
  -671.50000000000000        1.2180365455133129E-002
  -592.50000000000000        2.1648927048381457E-002
  -513.50000000000000        2.1648927048381457E-002
  -434.50000000000000        6.8105405503835467E-002
  -355.50000000000000       0.18896642500822772     
  -276.50000000000000       0.42396767844404892     
  -197.50000000000000       0.60497348050254518     
  -118.50000000000000       0.81269128508707911     
  -39.500000000000000        1.0000000000000000     
   39.500000000000000        1.0000000000000000     
   118.50000000000000       0.81269128508707911     
   197.50000000000000       0.60497348050254518     
   276.50000000000000       0.42396767844404892     
   355.50000000000000       0.18896642500822772     
   434.50000000000000        6.8105405503835467E-002
   513.50000000000000        2.1648927048381457E-002
   592.50000000000000        2.1648927048381457E-002
   671.50000000000000        1.2180365455133129E-002
   750.50000000000000        2.7118038618848014E-003
   829.50000000000000        1.3559019309424007E-003
   908.50000000000000        0.0000000000000000     
   987.50000000000000        0.0000000000000000     
   1066.5000000000000        0.0000000000000000     
   1145.5000000000000        0.0000000000000000     
   1224.5000000000000        0.0000000000000000     
   1303.5000000000000        0.0000000000000000     
   1382.5000000000000        0.0000000000000000     
   1461.5000000000000        0.0000000000000000     
   1540.5000000000000        0.0000000000000000     
   1619.5000000000000        0.0000000000000000     
   1698.5000000000000        0.0000000000000000     
   1777.5000000000000        0.0000000000000000     
   1856.5000000000000        0.0000000000000000     
   1935.5000000000000        0.0000000000000000     
   2014.5000000000000        0.0000000000000000     
   2093.5000000000000        0.0000000000000000     
   2172.5000000000000        0.0000000000000000     
   2251.5000000000000        0.0000000000000000     
   2330.5000000000000        0.0000000000000000     
   2409.5000000000000        0.0000000000000000     
   2488.5000000000000        0.0000000000000000     
   2567.5000000000000        0.0000000000000000     
   2646.5000000000000        0.0000000000000000     
   2725.5000000000000        0.0000000000000000     
   2804.5000000000000        0.0000000000000000     
   2883.5000000000000        0.0000000000000000     
   2962.5000000000000        0.0000000000000000     
   3041.5000000000000        0.0000000000000000     
   3120.5000000000000        0.0000000000000000     
   3199.5000000000000        0.0000000000000000     
   3278.5000000000000        0.0000000000000000     
