         100   0.0000000000000000     
         101   0.0000000000000000     
         102   0.0000000000000000     
         103   0.0000000000000000     
         104   0.0000000000000000     
         105   0.0000000000000000     
         106   0.0000000000000000     
         107   0.0000000000000000     
         108   0.0000000000000000     
         109   0.0000000000000000     
         110   0.0000000000000000     
         111   0.0000000000000000     
         112   0.0000000000000000     
         113   0.0000000000000000     
         114   0.0000000000000000     
         115   0.0000000000000000     
         116   0.0000000000000000     
         117   0.0000000000000000     
         118   0.0000000000000000     
         119   0.0000000000000000     
         120   0.0000000000000000     
         121   0.0000000000000000     
         122   0.0000000000000000     
         123   0.0000000000000000     
         124   0.0000000000000000     
         125   0.0000000000000000     
         126   0.0000000000000000     
         127   0.0000000000000000     
         128   0.0000000000000000     
         129   0.0000000000000000     
         130   0.0000000000000000     
         131   0.0000000000000000     
         132   0.0000000000000000     
         133   0.0000000000000000     
         134   0.0000000000000000     
         135   0.0000000000000000     
         136   0.0000000000000000     
         137   0.0000000000000000     
         138   0.0000000000000000     
         139   0.0000000000000000     
         140   0.0000000000000000     
         141   0.0000000000000000     
         142   0.0000000000000000     
         143   0.0000000000000000     
         144   0.0000000000000000     
         145   0.0000000000000000     
         146   0.0000000000000000     
         147   0.0000000000000000     
         148   0.0000000000000000     
         149   0.0000000000000000     
         150   0.0000000000000000     
         151   0.0000000000000000     
         152   0.0000000000000000     
         153   0.0000000000000000     
         154   0.0000000000000000     
         155   0.0000000000000000     
         156   0.0000000000000000     
         157   0.0000000000000000     
         158   0.0000000000000000     
         159   0.0000000000000000     
         160   0.0000000000000000     
         161   0.0000000000000000     
         162   0.0000000000000000     
         163   0.0000000000000000     
         164   0.0000000000000000     
         165   0.0000000000000000     
         166   0.0000000000000000     
         167   0.0000000000000000     
         168   0.0000000000000000     
         169   0.0000000000000000     
         170   0.0000000000000000     
         171   0.0000000000000000     
         172   0.0000000000000000     
         173   0.0000000000000000     
         174   0.0000000000000000     
         175   0.0000000000000000     
         176   0.0000000000000000     
         177   0.0000000000000000     
         178   0.0000000000000000     
         179   0.0000000000000000     
         180   0.0000000000000000     
         181   0.0000000000000000     
         182   0.0000000000000000     
         183   0.0000000000000000     
         184   0.0000000000000000     
         185   0.0000000000000000     
         186   0.0000000000000000     
         187   0.0000000000000000     
         188   0.0000000000000000     
         189   0.0000000000000000     
         190   0.0000000000000000     
         191   0.0000000000000000     
         192   0.0000000000000000     
         193   0.0000000000000000     
         194   0.0000000000000000     
         195   0.0000000000000000     
         196   0.0000000000000000     
         197   0.0000000000000000     
         198   0.0000000000000000     
         199   0.0000000000000000     
         200   0.0000000000000000     
         201   0.0000000000000000     
         202   0.0000000000000000     
         203   0.0000000000000000     
         204   0.0000000000000000     
         205   0.0000000000000000     
         206   6.1509744050028251E-007
         207   3.8806775658624360E-006
         208   4.1034338575061122E-006
         209   6.3983871871240935E-006
         210   7.3547536328511366E-006
         211   4.5618397479893925E-006
         212   5.1905532960298383E-006
         213   1.4931100154008279E-005
         214   1.9714508859200919E-005
         215   1.9080207352591735E-005
         216   2.7015902976605514E-005
         217   5.4762742981740695E-005
         218   7.8460398433423276E-005
         219   1.0224200012165274E-004
         220   1.5713534792152490E-004
         221   1.9902489165606307E-004
         222   2.4684407808282284E-004
         223   3.0538932904719665E-004
         224   4.0072769354171307E-004
         225   5.1869887820506222E-004
         226   7.2833792330535439E-004
         227   9.3790665494485298E-004
         228   1.1559847845336872E-003
         229   1.3909740588376155E-003
         230   1.7408726155085444E-003
         231   2.1577050017289731E-003
         232   2.5362788097087778E-003
         233   3.2294537764195460E-003
         234   3.7237741550181290E-003
         235   4.2239291954802348E-003
         236   4.9689007237454057E-003
         237   5.7608003159443722E-003
         238   6.4182964680486437E-003
         239   7.2917307695161051E-003
         240   8.2628469901075679E-003
         241   9.1669494182280830E-003
         242   9.7902489877941742E-003
         243   1.0565147420443300E-002
         244   1.1351451155021546E-002
         245   1.2205387496305672E-002
         246   1.2808440516855660E-002
         247   1.3406734306882953E-002
         248   1.3896587042398502E-002
         249   1.3860096570166328E-002
         250   1.3888458747052428E-002
         251   1.4112409521261559E-002
         252   1.4070535809937735E-002
         253   1.3692178820118023E-002
         254   1.3259276292340753E-002
         255   1.2995927374280368E-002
         256   1.2370635859722076E-002
         257   1.1592680189626368E-002
         258   1.0913164255751395E-002
         259   1.0049896887451004E-002
         260   9.1216245752569116E-003
         261   8.2662100692294741E-003
         262   7.2577091791736648E-003
         263   6.5086859596218119E-003
         264   5.7873653882742071E-003
         265   4.9799774523754028E-003
         266   4.3414839832836144E-003
         267   3.6878023646140404E-003
         268   3.1392846663539200E-003
         269   2.6223819916692823E-003
         270   2.1558216728527289E-003
         271   1.8349368149665783E-003
         272   1.4750627326008199E-003
         273   1.1706419880840209E-003
         274   9.7368308935580610E-004
         275   7.4681927409855952E-004
         276   5.9136467022989376E-004
         277   4.4529015564463665E-004
         278   3.2052263096534817E-004
         279   2.5677478196941449E-004
         280   1.9260388114582434E-004
         281   1.3017426665644507E-004
         282   1.0653224534487750E-004
         283   7.3736621737115649E-005
         284   5.2170071128328254E-005
         285   3.9824560106928981E-005
         286   3.5405241703428611E-005
         287   2.4599888353858505E-005
         288   1.9212115012948226E-005
         289   6.8142857315615186E-006
         290   9.4340015822038823E-006
         291   1.3329314888698362E-005
         292   1.3060014668888243E-005
         293   1.0237915171363351E-005
         294   1.7804211085296819E-005
         295   2.3301037959709418E-005
         296   2.2278392827955798E-005
         297   2.3492980547393510E-005
         298   2.8501111633557274E-005
         299   3.3871271113861926E-005
         300   5.4282057610332798E-005
         301   6.5971706943314281E-005
         302   7.2795067071407412E-005
         303   9.0669945762018975E-005
         304   1.2721661982376104E-004
         305   1.4426727996451425E-004
         306   1.5515824513756858E-004
         307   1.9728595969732314E-004
         308   2.2811984495299379E-004
         309   2.5824182498421255E-004
         310   3.4205054631797983E-004
         311   4.1213792809446231E-004
         312   4.9276811801052343E-004
         313   5.3248302604274374E-004
         314   6.2775684013849711E-004
         315   7.2897300248419661E-004
         316   8.3735958896778359E-004
         317   1.0441670780592556E-003
         318   1.2004687192897661E-003
         319   1.3718467906791362E-003
         320   1.6193606772683623E-003
         321   1.8534361258939242E-003
         322   2.0820413513355247E-003
         323   2.3015378380724033E-003
         324   2.6059243566057188E-003
         325   2.9377715456399668E-003
         326   3.4119892255943772E-003
         327   3.7903383435726992E-003
         328   4.1010251300084757E-003
         329   4.6184058962764922E-003
         330   5.0216170801015607E-003
         331   5.4987876665527876E-003
         332   5.9416818350450529E-003
         333   6.3522895570143336E-003
         334   6.8567483065291712E-003
         335   7.2573239607451705E-003
         336   7.7478795079173601E-003
         337   8.3977945905579065E-003
         338   9.1090242063323144E-003
         339   9.6252884057676739E-003
         340   1.0027973686512235E-002
         341   1.0550259056281526E-002
         342   1.1252971470667273E-002
         343   1.1644021787569367E-002
         344   1.1938914699105681E-002
         345   1.2375658137572566E-002
         346   1.2654980371671998E-002
         347   1.2797187893586531E-002
         348   1.3008640417616926E-002
         349   1.3095306768060939E-002
         350   1.3234188629740681E-002
         351   1.3345744570476822E-002
         352   1.3144481258576850E-002
         353   1.2917231283535004E-002
         354   1.2758047902695989E-002
         355   1.2775150588327788E-002
         356   1.2597956520499489E-002
         357   1.2205824817162375E-002
         358   1.1837452544726342E-002
         359   1.1585109606441752E-002
         360   1.1240895582025684E-002
         361   1.0737129267877942E-002
         362   1.0271656029160999E-002
         363   9.6908580355672021E-003
         364   9.1873231472143508E-003
         365   8.6419409037864006E-003
         366   8.0201198059265885E-003
         367   7.5279483740012375E-003
         368   7.0896379381987784E-003
         369   6.4973885820177489E-003
         370   5.9942654142269352E-003
         371   5.5514950424316728E-003
         372   5.1100067879980430E-003
         373   4.6362493818640684E-003
         374   4.2166417190020134E-003
         375   3.8798570477487811E-003
         376   3.4827369652639679E-003
         377   3.0340188708366583E-003
         378   2.6818052743239982E-003
         379   2.3501585568860496E-003
         380   2.0477852724367883E-003
         381   1.8154725705792456E-003
         382   1.6218399353911451E-003
         383   1.4065854947261762E-003
         384   1.2044373476493226E-003
         385   1.0302029125664575E-003
         386   8.5379750010411534E-004
         387   7.6005588347236898E-004
         388   6.9881696106520474E-004
         389   6.0148935120145190E-004
         390   5.2095824310006956E-004
         391   4.5210090343838631E-004
         392   3.6268629661367956E-004
         393   3.0878758069729703E-004
         394   2.6740906629996153E-004
         395   2.2325860315789673E-004
         396   1.8063549568036845E-004
         397   1.5717326339695722E-004
         398   1.2976707673837253E-004
         399   1.1510232008365843E-004
         400   8.1271509582737391E-005
         401   4.9639309551191405E-005
         402   3.7022195480013252E-005
         403   3.5331171218716008E-005
         404   2.7917256102651317E-005
         405   1.5185513107400181E-005
         406   1.0478838481519639E-005
         407   1.0600834221532118E-005
         408   1.3810038776272671E-005
         409   1.1660551274837716E-005
         410   6.1903353280099815E-006
         411   6.2550191030492615E-006
         412   8.3117907056611527E-006
         413   6.2934771510689161E-006
         414   3.8046665598646967E-006
         415   1.6940609416058751E-006
         416   3.2108009009489320E-006
         417   5.0000000000001215E-006
         418   4.3369925706743273E-006
         419   3.0074455475579613E-006
         420   4.0000000000000972E-006
         421   3.6779798894305007E-006
         422   7.3297565306173779E-008
         423   0.0000000000000000     
         424   0.0000000000000000     
         425   0.0000000000000000     
         426   0.0000000000000000     
         427   0.0000000000000000     
         428   0.0000000000000000     
         429   0.0000000000000000     
         430   0.0000000000000000     
         431   0.0000000000000000     
         432   0.0000000000000000     
         433   0.0000000000000000     
         434   0.0000000000000000     
         435   0.0000000000000000     
         436   0.0000000000000000     
         437   0.0000000000000000     
         438   0.0000000000000000     
         439   0.0000000000000000     
         440   0.0000000000000000     
         441   0.0000000000000000     
         442   0.0000000000000000     
         443   0.0000000000000000     
         444   0.0000000000000000     
         445   0.0000000000000000     
         446   0.0000000000000000     
         447   0.0000000000000000     
         448   0.0000000000000000     
         449   0.0000000000000000     
         450   0.0000000000000000     
         451   0.0000000000000000     
         452   0.0000000000000000     
         453   0.0000000000000000     
         454   0.0000000000000000     
         455   0.0000000000000000     
         456   0.0000000000000000     
         457   0.0000000000000000     
         458   0.0000000000000000     
         459   0.0000000000000000     
         460   0.0000000000000000     
         461   0.0000000000000000     
         462   0.0000000000000000     
         463   0.0000000000000000     
         464   0.0000000000000000     
         465   0.0000000000000000     
         466   0.0000000000000000     
         467   0.0000000000000000     
         468   0.0000000000000000     
         469   0.0000000000000000     
         470   0.0000000000000000     
         471   0.0000000000000000     
         472   0.0000000000000000     
         473   0.0000000000000000     
         474   0.0000000000000000     
         475   0.0000000000000000     
         476   0.0000000000000000     
         477   0.0000000000000000     
         478   0.0000000000000000     
         479   0.0000000000000000     
         480   0.0000000000000000     
         481   0.0000000000000000     
         482   0.0000000000000000     
         483   0.0000000000000000     
         484   0.0000000000000000     
         485   0.0000000000000000     
         486   0.0000000000000000     
         487   0.0000000000000000     
         488   0.0000000000000000     
         489   0.0000000000000000     
         490   0.0000000000000000     
         491   0.0000000000000000     
         492   0.0000000000000000     
         493   0.0000000000000000     
         494   0.0000000000000000     
         495   0.0000000000000000     
         496   0.0000000000000000     
         497   0.0000000000000000     
         498   0.0000000000000000     
         499   0.0000000000000000     
         500   0.0000000000000000     
