  -2330.5000000000000        0.0000000000000000     
  -2251.5000000000000        0.0000000000000000     
  -2172.5000000000000        0.0000000000000000     
  -2093.5000000000000        0.0000000000000000     
  -2014.5000000000000        0.0000000000000000     
  -1935.5000000000000        0.0000000000000000     
  -1856.5000000000000        0.0000000000000000     
  -1777.5000000000000       -1.7790797959830905E-006
  -1698.5000000000000       -3.5581595919661810E-006
  -1619.5000000000000       -1.5981865350583584E-005
  -1540.5000000000000       -2.8405571109200987E-005
  -1461.5000000000000       -1.0428294959659689E-004
  -1382.5000000000000       -2.4111590335570683E-004
  -1303.5000000000000       -9.2956615802531261E-004
  -1224.5000000000000       -1.7677798870747003E-003
  -1145.5000000000000       -3.3452934576291976E-003
  -1066.5000000000000       -7.5575983072825679E-003
  -987.50000000000000       -2.3924472302217687E-002
  -908.50000000000000       -4.6432959042370998E-002
  -829.50000000000000       -5.6316423543066756E-002
  -750.50000000000000      -0.11358011390843238     
  -671.50000000000000      -0.24326953695013023     
  -592.50000000000000      -0.47520909367627395     
  -513.50000000000000      -0.64211362656363424     
  -434.50000000000000      -0.83437271236799382     
  -355.50000000000000       -1.0000000000000000     
  -276.50000000000000      -0.97747908955408813     
  -197.50000000000000      -0.78551316234220492     
  -118.50000000000000      -0.53163946928927130     
  -39.500000000000000      -0.23277777045519310     
   39.500000000000000       0.23277777045519310     
   118.50000000000000       0.53163946928927130     
   197.50000000000000       0.78551316234220492     
   276.50000000000000       0.97747908955408813     
   355.50000000000000        1.0000000000000000     
   434.50000000000000       0.83437271236799382     
   513.50000000000000       0.64211362656363424     
   592.50000000000000       0.47520909367627395     
   671.50000000000000       0.24326953695013023     
   750.50000000000000       0.11358011390843238     
   829.50000000000000        5.6316423543066756E-002
   908.50000000000000        4.6432959042370998E-002
   987.50000000000000        2.3924472302217687E-002
   1066.5000000000000        7.5575983072825679E-003
   1145.5000000000000        3.3452934576291976E-003
   1224.5000000000000        1.7677798870747003E-003
   1303.5000000000000        9.2956615802531261E-004
   1382.5000000000000        2.4111590335570683E-004
   1461.5000000000000        1.0428294959659689E-004
   1540.5000000000000        2.8405571109200987E-005
   1619.5000000000000        1.5981865350583584E-005
   1698.5000000000000        3.5581595919661810E-006
   1777.5000000000000        1.7790797959830905E-006
   1856.5000000000000        0.0000000000000000     
   1935.5000000000000        0.0000000000000000     
   2014.5000000000000        0.0000000000000000     
   2093.5000000000000        0.0000000000000000     
   2172.5000000000000        0.0000000000000000     
   2251.5000000000000        0.0000000000000000     
   2330.5000000000000        0.0000000000000000     
